0.000000	5.999500	7.999750	10.999750	14.999750	19.999750
0.010000	5.998500	7.999500	10.999500	14.999500	19.999000
0.020000	5.997000	7.999250	10.999250	14.999250	19.997750
0.030000	5.995001	7.999000	10.999000	14.999000	19.996001
0.040000	5.992503	7.998749	10.998750	14.998750	19.993752
0.050000	5.989506	7.998498	10.998500	14.998500	19.991004
0.060000	5.986012	7.998246	10.998251	14.998249	19.987758
0.070000	5.982020	7.997992	10.998001	14.997997	19.984015
0.080000	5.977531	7.997737	10.997751	14.997745	19.979774
0.090000	5.972546	7.997481	10.997501	14.997491	19.975037
0.100000	5.967067	7.997221	10.997251	14.997235	19.969805
0.110000	5.961094	7.996959	10.997002	14.996977	19.964079
0.120000	5.954629	7.996693	10.996752	14.996716	19.957859
0.130000	5.947673	7.996423	10.996502	14.996452	19.951148
0.140000	5.940226	7.996148	10.996253	14.996185	19.943946
0.150000	5.932291	7.995867	10.996003	14.995912	19.936255
0.160000	5.923870	7.995581	10.995753	14.995635	19.928076
0.170000	5.914963	7.995287	10.995503	14.995351	19.919411
0.180000	5.905573	7.994985	10.995254	14.995061	19.910262
0.190000	5.895701	7.994674	10.995004	14.994764	19.900630
0.200000	5.885349	7.994353	10.994754	14.994458	19.890517
0.210000	5.874520	7.994022	10.994505	14.994142	19.879926
0.220000	5.863216	7.993679	10.994255	14.993816	19.868859
0.230000	5.851438	7.993322	10.994005	14.993479	19.857317
0.240000	5.839189	7.992952	10.993755	14.993130	19.845303
0.250000	5.826472	7.992566	10.993505	14.992767	19.832819
0.260000	5.813289	7.992164	10.993255	14.992389	19.819868
0.270000	5.799642	7.991744	10.993004	14.991995	19.806452
0.280000	5.785535	7.991305	10.992754	14.991585	19.792574
0.290000	5.770969	7.990846	10.992503	14.991156	19.778236
0.300000	5.755949	7.990365	10.992252	14.990707	19.763442
0.310000	5.740476	7.989860	10.992001	14.990237	19.748195
0.320000	5.724555	7.989331	10.991749	14.989744	19.732497
0.330000	5.708188	7.988776	10.991497	14.989228	19.716351
0.340000	5.691377	7.988193	10.991244	14.988686	19.699761
0.350000	5.674128	7.987580	10.990991	14.988118	19.682730
0.360000	5.656442	7.986937	10.990738	14.987520	19.665261
0.370000	5.638324	7.986261	10.990483	14.986893	19.647358
0.380000	5.619777	7.985550	10.990228	14.986233	19.629024
0.390000	5.600805	7.984804	10.989973	14.985541	19.610263
0.400000	5.581411	7.984020	10.989716	14.984813	19.591078
0.410000	5.561599	7.983196	10.989458	14.984048	19.571474
0.420000	5.541373	7.982330	10.989200	14.983244	19.551454
0.430000	5.520738	7.981421	10.988940	14.982400	19.531022
0.440000	5.499696	7.980467	10.988679	14.981513	19.510182
0.450000	5.478253	7.979465	10.988416	14.980582	19.488938
0.460000	5.456412	7.978415	10.988152	14.979605	19.467294
0.470000	5.434177	7.977313	10.987885	14.978579	19.445255
0.480000	5.411554	7.976158	10.987618	14.977503	19.422824
0.490000	5.388546	7.974948	10.987348	14.976375	19.400007
0.500000	5.365158	7.973680	10.987075	14.975193	19.376807
0.510000	5.341395	7.972353	10.986801	14.973955	19.353230
0.520000	5.317260	7.970964	10.986524	14.972658	19.329279
0.530000	5.292760	7.969511	10.986244	14.971300	19.304960
0.540000	5.267898	7.967993	10.985961	14.969880	19.280277
0.550000	5.242679	7.966406	10.985674	14.968395	19.255234
0.560000	5.217108	7.964749	10.985385	14.966843	19.229838
0.570000	5.191191	7.963019	10.985091	14.965221	19.204092
0.580000	5.164932	7.961214	10.984793	14.963528	19.178002
0.590000	5.138336	7.959332	10.984491	14.961761	19.151573
0.600000	5.111409	7.957370	10.984185	14.959918	19.124810
0.610000	5.084156	7.955327	10.983873	14.957997	19.097717
0.620000	5.056581	7.953199	10.983557	14.955995	19.070301
0.630000	5.028690	7.950985	10.983234	14.953910	19.042567
0.640000	5.000490	7.948682	10.982906	14.951739	19.014519
0.650000	4.971984	7.946287	10.982572	14.949481	18.986163
0.660000	4.943178	7.943799	10.982230	14.947132	18.957506
0.670000	4.914079	7.941214	10.981882	14.944691	18.928551
0.680000	4.884691	7.938531	10.981526	14.942155	18.899305
0.690000	4.855020	7.935747	10.981162	14.939521	18.869774
0.700000	4.825073	7.932859	10.980790	14.936787	18.839963
0.710000	4.794853	7.929865	10.980408	14.933952	18.809877
0.720000	4.764368	7.926763	10.980018	14.931011	18.779523
0.730000	4.733623	7.923550	10.979617	14.927963	18.748906
0.740000	4.702625	7.920224	10.979206	14.924806	18.718032
0.750000	4.671378	7.916782	10.978784	14.921536	18.686906
0.760000	4.639888	7.913221	10.978350	14.918152	18.655536
0.770000	4.608163	7.909540	10.977904	14.914651	18.623926
0.780000	4.576207	7.905735	10.977446	14.911030	18.592083
0.790000	4.544027	7.901805	10.976973	14.907287	18.560013
0.800000	4.511628	7.897747	10.976487	14.903420	18.527721
0.810000	4.479018	7.893558	10.975986	14.899425	18.495214
0.820000	4.446201	7.889235	10.975469	14.895301	18.462498
0.830000	4.413184	7.884778	10.974937	14.891045	18.429580
0.840000	4.379974	7.880182	10.974387	14.886655	18.396464
0.850000	4.346576	7.875445	10.973819	14.882127	18.363157
0.860000	4.312997	7.870565	10.973233	14.877460	18.329667
0.870000	4.279243	7.865540	10.972628	14.872652	18.295998
0.880000	4.245321	7.860368	10.972002	14.867699	18.262157
0.890000	4.211235	7.855045	10.971355	14.862599	18.228150
0.900000	4.176994	7.849569	10.970686	14.857350	18.193984
0.910000	4.142602	7.843938	10.969995	14.851949	18.159665
0.920000	4.108067	7.838150	10.969279	14.846395	18.125200
0.930000	4.073395	7.832201	10.968539	14.840684	18.090594
0.940000	4.038592	7.826091	10.967772	14.834814	18.055853
0.950000	4.003664	7.819816	10.966979	14.828784	18.020986
0.960000	3.968618	7.813375	10.966158	14.822590	17.985996
0.970000	3.933461	7.806764	10.965308	14.816229	17.950892
0.980000	3.898198	7.799982	10.964428	14.809701	17.915680
0.990000	3.862836	7.793026	10.963516	14.803003	17.880365
1.000000	3.827382	7.785894	10.962572	14.796132	17.844954
1.010000	3.791841	7.778584	10.961595	14.789085	17.809454
1.020000	3.756221	7.771094	10.960583	14.781862	17.773871
1.030000	3.720527	7.763422	10.959534	14.774459	17.738212
1.040000	3.684766	7.755565	10.958448	14.766875	17.702482
1.050000	3.648945	7.747521	10.957324	14.759107	17.666688
1.060000	3.613070	7.739289	10.956159	14.751153	17.630837
1.070000	3.577146	7.730865	10.954953	14.743012	17.594935
1.080000	3.541181	7.722249	10.953704	14.734680	17.558989
1.090000	3.505181	7.713438	10.952411	14.726156	17.523004
1.100000	3.469152	7.704430	10.951073	14.717438	17.486987
1.110000	3.433101	7.695224	10.949687	14.708524	17.450944
1.120000	3.397033	7.685817	10.948252	14.699412	17.414882
1.130000	3.360956	7.676207	10.946768	14.690100	17.378807
1.140000	3.324875	7.666393	10.945231	14.680586	17.342725
1.150000	3.288797	7.656373	10.943641	14.670869	17.306643
1.160000	3.252727	7.646145	10.941996	14.660945	17.270566
1.170000	3.216673	7.635707	10.940295	14.650815	17.234502
1.180000	3.180639	7.625059	10.938535	14.640476	17.198455
1.190000	3.144634	7.614197	10.936715	14.629925	17.162433
1.200000	3.108662	7.603121	10.934833	14.619162	17.126442
1.210000	3.072729	7.591828	10.932887	14.608186	17.090487
1.220000	3.036843	7.580318	10.930876	14.596993	17.054575
1.230000	3.001008	7.568589	10.928797	14.585583	17.018711
1.240000	2.965231	7.556640	10.926650	14.573954	16.982903
1.250000	2.929517	7.544468	10.924431	14.562106	16.947155
1.260000	2.893874	7.532073	10.922139	14.550035	16.911474
1.270000	2.858306	7.519454	10.919772	14.537741	16.875866
1.280000	2.822820	7.506609	10.917328	14.525223	16.840336
1.290000	2.787421	7.493537	10.914806	14.512479	16.804891
1.300000	2.752115	7.480236	10.912202	14.499509	16.769536
1.310000	2.716909	7.466706	10.909514	14.486310	16.734277
1.320000	2.681807	7.452946	10.906742	14.472881	16.699120
1.330000	2.646815	7.438954	10.903882	14.459223	16.664070
1.340000	2.611939	7.424730	10.900933	14.445332	16.629134
1.350000	2.577185	7.410272	10.897892	14.431209	16.594316
1.360000	2.542557	7.395581	10.894756	14.416853	16.559622
1.370000	2.508063	7.380654	10.891525	14.402262	16.525058
1.380000	2.473706	7.365491	10.888195	14.387436	16.490630
1.390000	2.439492	7.350092	10.884764	14.372373	16.456342
1.400000	2.405427	7.334455	10.881230	14.357074	16.422200
1.410000	2.371516	7.318581	10.877590	14.341537	16.388209
1.420000	2.337765	7.302468	10.873842	14.325762	16.354375
1.430000	2.304177	7.286116	10.869984	14.309747	16.320702
1.440000	2.270759	7.269525	10.866014	14.293494	16.287197
1.450000	2.237515	7.252694	10.861928	14.277000	16.253863
1.460000	2.204451	7.235623	10.857724	14.260265	16.220706
1.470000	2.171571	7.218311	10.853400	14.243290	16.187731
1.480000	2.138881	7.200758	10.848953	14.226074	16.154943
1.490000	2.106384	7.182965	10.844380	14.208616	16.122346
1.500000	2.074087	7.164931	10.839680	14.190916	16.089946
1.510000	2.041992	7.146655	10.834849	14.172974	16.057747
1.520000	2.010106	7.128138	10.829885	14.154790	16.025754
1.530000	1.978433	7.109380	10.824785	14.136364	15.993971
1.540000	1.946976	7.090381	10.819546	14.117696	15.962402
1.550000	1.915742	7.071142	10.814167	14.098785	15.931054
1.560000	1.884733	7.051661	10.808643	14.079633	15.899928
1.570000	1.853954	7.031940	10.802973	14.060238	15.869031
1.580000	1.823409	7.011979	10.797153	14.040602	15.838366
1.590000	1.793104	6.991778	10.791181	14.020724	15.807937
1.600000	1.763040	6.971338	10.785054	14.000605	15.777749
1.610000	1.733224	6.950659	10.778769	13.980245	15.747806
1.620000	1.703657	6.929742	10.772323	13.959645	15.718110
1.630000	1.674345	6.908587	10.765714	13.938805	15.688668
1.640000	1.645292	6.887194	10.758939	13.917725	15.659481
1.650000	1.616500	6.865566	10.751995	13.896407	15.630554
1.660000	1.587973	6.843702	10.744878	13.874851	15.601891
1.670000	1.559715	6.821603	10.737587	13.853057	15.573495
1.680000	1.531730	6.799271	10.730118	13.831026	15.545369
1.690000	1.504021	6.776705	10.722467	13.808760	15.517518
1.700000	1.476591	6.753908	10.714634	13.786259	15.489943
1.710000	1.449443	6.730879	10.706613	13.763523	15.462650
1.720000	1.422580	6.707621	10.698403	13.740555	15.435640
1.730000	1.396007	6.684135	10.690000	13.717354	15.408917
1.740000	1.369724	6.660421	10.681402	13.693923	15.382485
1.750000	1.343736	6.636480	10.672605	13.670262	15.356345
1.760000	1.318046	6.612315	10.663607	13.646372	15.330501
1.770000	1.292656	6.587927	10.654404	13.622256	15.304955
1.780000	1.267568	6.563317	10.644994	13.597913	15.279711
1.790000	1.242785	6.538486	10.635374	13.573345	15.254770
1.800000	1.218311	6.513436	10.625540	13.548555	15.230136
1.810000	1.194146	6.488169	10.615489	13.523542	15.205811
1.820000	1.170294	6.462686	10.605219	13.498310	15.181796
1.830000	1.146757	6.436990	10.594727	13.472859	15.158096
1.840000	1.123536	6.411081	10.584010	13.447191	15.134711
1.850000	1.100635	6.384962	10.573063	13.421308	15.111643
1.860000	1.078055	6.358634	10.561886	13.395211	15.088896
1.870000	1.055797	6.332099	10.550474	13.368903	15.066470
1.880000	1.033865	6.305360	10.538825	13.342385	15.044368
1.890000	1.012258	6.278419	10.526935	13.315659	15.022592
1.900000	0.990980	6.251276	10.514802	13.288726	15.001142
1.910000	0.970031	6.223936	10.502423	13.261590	14.980021
1.920000	0.949414	6.196399	10.489795	13.234252	14.959230
1.930000	0.929129	6.168667	10.476914	13.206714	14.938771
1.940000	0.909178	6.140744	10.463779	13.178979	14.918644
1.950000	0.889562	6.112632	10.450385	13.151047	14.898852
1.960000	0.870282	6.084332	10.436731	13.122923	14.879395
1.970000	0.851339	6.055848	10.422812	13.094607	14.860275
1.980000	0.832734	6.027181	10.408627	13.066103	14.841492
1.990000	0.814469	5.998334	10.394173	13.037413	14.823047
2.000000	0.796543	5.969310	10.379446	13.008538	14.804941
2.010000	0.778958	5.940111	10.364443	12.979482	14.787176
2.020000	0.761714	5.910740	10.349163	12.950247	14.769750
2.030000	0.744811	5.881199	10.333602	12.920836	14.752666
2.040000	0.728251	5.851492	10.317758	12.891251	14.735924
2.050000	0.712033	5.821620	10.301627	12.861494	14.719523
2.060000	0.696158	5.791588	10.285207	12.831569	14.703464
2.070000	0.680626	5.761396	10.268495	12.801479	14.687748
2.080000	0.665437	5.731049	10.251489	12.771225	14.672375
2.090000	0.650591	5.700549	10.234186	12.740811	14.657344
2.100000	0.636088	5.669899	10.216583	12.710239	14.642656
2.110000	0.621928	5.639102	10.198678	12.679513	14.628311
2.120000	0.608110	5.608162	10.180468	12.648635	14.614307
2.130000	0.594635	5.577080	10.161951	12.617608	14.600646
2.140000	0.581501	5.545860	10.143124	12.586435	14.587326
2.150000	0.568709	5.514506	10.123985	12.555119	14.574348
2.160000	0.556258	5.483020	10.104531	12.523663	14.561710
2.170000	0.544147	5.451405	10.084760	12.492071	14.549412
2.180000	0.532375	5.419665	10.064669	12.460345	14.537454
2.190000	0.520943	5.387802	10.044257	12.428488	14.525834
2.200000	0.509848	5.355821	10.023521	12.396503	14.514551
2.210000	0.499089	5.323724	10.002458	12.364394	14.503606
2.220000	0.488667	5.291514	9.981067	12.332164	14.492996
2.230000	0.478579	5.259195	9.959345	12.299816	14.482721
2.240000	0.468824	5.226770	9.937291	12.267354	14.472779
2.250000	0.459402	5.194243	9.914902	12.234780	14.463169
2.260000	0.450311	5.161617	9.892176	12.202097	14.453891
2.270000	0.441549	5.128895	9.869111	12.169310	14.444941
2.280000	0.433114	5.096080	9.845705	12.136421	14.436320
2.290000	0.425006	5.063176	9.821957	12.103434	14.428025
2.300000	0.417223	5.030187	9.797865	12.070352	14.420055
2.310000	0.409762	4.997116	9.773426	12.037179	14.412407
2.320000	0.402623	4.963966	9.748639	12.003917	14.405081
2.330000	0.395803	4.930741	9.723503	11.970571	14.398075
2.340000	0.389300	4.897444	9.698015	11.937144	14.391386
2.350000	0.383112	4.864079	9.672175	11.903639	14.385012
2.360000	0.377237	4.830649	9.645980	11.870059	14.378951
2.370000	0.371673	4.797158	9.619430	11.836409	14.373202
2.380000	0.366418	4.763609	9.592522	11.802691	14.367762
2.390000	0.361470	4.730007	9.565256	11.768909	14.362629
2.400000	0.356825	4.696353	9.537630	11.735067	14.357799
2.410000	0.352482	4.662653	9.509643	11.701167	14.353272
2.420000	0.348439	4.628909	9.481294	11.667214	14.349045
2.430000	0.344692	4.595125	9.452582	11.633212	14.345114
2.440000	0.341238	4.561305	9.423505	11.599162	14.341477
2.450000	0.338076	4.527452	9.394063	11.565070	14.338133
2.460000	0.335203	4.493569	9.364255	11.530938	14.335077
2.470000	0.332615	4.459661	9.334080	11.496770	14.332307
2.480000	0.330310	4.425730	9.303538	11.462570	14.329820
2.490000	0.328285	4.391781	9.272626	11.428341	14.327614
2.500000	0.326537	4.357816	9.241346	11.394087	14.325685
2.510000	0.325063	4.323840	9.209696	11.359810	14.324030
2.520000	0.323860	4.289856	9.177676	11.325516	14.322646
2.530000	0.322924	4.255867	9.145285	11.291206	14.321531
2.540000	0.322253	4.221877	9.112524	11.256885	14.320680
2.550000	0.321842	4.187890	9.079391	11.222555	14.320091
2.560000	0.321690	4.153908	9.045887	11.188222	14.319760
2.570000	0.321792	4.119935	9.012011	11.153887	14.319683
2.580000	0.322145	4.085976	8.977764	11.119555	14.319859
2.590000	0.322745	4.052032	8.943145	11.085228	14.320282
2.600000	0.323590	4.018109	8.908155	11.050911	14.320950
2.610000	0.324675	3.984208	8.872793	11.016606	14.321858
2.620000	0.325997	3.950334	8.837060	10.982318	14.323004
2.630000	0.327552	3.916489	8.800957	10.948049	14.324384
2.640000	0.329337	3.882678	8.764483	10.913802	14.325994
2.650000	0.331348	3.848903	8.727640	10.879582	14.327829
2.660000	0.333580	3.815168	8.690427	10.845391	14.329887
2.670000	0.336031	3.781476	8.652846	10.811234	14.332164
2.680000	0.338696	3.747831	8.614896	10.777112	14.334655
2.690000	0.341571	3.714235	8.576580	10.743029	14.337358
2.700000	0.344653	3.680691	8.537898	10.708989	14.340266
2.710000	0.347938	3.647204	8.498850	10.674994	14.343378
2.720000	0.351421	3.613776	8.459438	10.641049	14.346689
2.730000	0.355098	3.580410	8.419663	10.607155	14.350194
2.740000	0.358966	3.547110	8.379526	10.573317	14.353890
2.750000	0.363019	3.513878	8.339029	10.539537	14.357773
2.760000	0.367255	3.480718	8.298173	10.505819	14.361838
2.770000	0.371669	3.447632	8.256959	10.472164	14.366081
2.780000	0.376257	3.414623	8.215389	10.438578	14.370499
2.790000	0.381014	3.381695	8.173465	10.405061	14.375086
2.800000	0.385937	3.348850	8.131188	10.371619	14.379838
2.810000	0.391020	3.316091	8.088560	10.338252	14.384752
2.820000	0.396260	3.283422	8.045583	10.304965	14.389822
2.830000	0.401653	3.250844	8.002260	10.271759	14.395045
2.840000	0.407193	3.218361	7.958591	10.238639	14.400417
2.850000	0.412877	3.185975	7.914580	10.205606	14.405932
2.860000	0.418701	3.153688	7.870228	10.172664	14.411586
2.870000	0.424659	3.121505	7.825538	10.139814	14.417375
2.880000	0.430748	3.089427	7.780513	10.107061	14.423295
2.890000	0.436962	3.057456	7.735154	10.074405	14.429341
2.900000	0.443299	3.025596	7.689465	10.041851	14.435509
2.910000	0.449752	2.993848	7.643447	10.009400	14.441793
2.920000	0.456318	2.962216	7.597105	9.977056	14.448190
2.930000	0.462992	2.930701	7.550441	9.944819	14.454696
2.940000	0.469770	2.899306	7.503457	9.912694	14.461304
2.950000	0.476646	2.868033	7.456157	9.880682	14.468012
2.960000	0.483618	2.836885	7.408543	9.848785	14.474814
2.970000	0.490679	2.805863	7.360620	9.817007	14.481707
2.980000	0.497826	2.774970	7.312390	9.785348	14.488684
2.990000	0.505054	2.744207	7.263857	9.753812	14.495742
3.000000	0.512359	2.713578	7.215024	9.722400	14.502877
3.010000	0.519735	2.683083	7.165894	9.691115	14.510083
3.020000	0.527179	2.652726	7.116473	9.659959	14.517356
3.030000	0.534686	2.622507	7.066762	9.628933	14.524692
3.040000	0.542251	2.592429	7.016766	9.598040	14.532086
3.050000	0.549870	2.562493	6.966489	9.567282	14.539533
3.060000	0.557538	2.532701	6.915934	9.536660	14.547029
3.070000	0.565251	2.503056	6.865107	9.506176	14.554569
3.080000	0.573004	2.473557	6.814010	9.475832	14.562149
3.090000	0.580793	2.444208	6.762649	9.445629	14.569764
3.100000	0.588613	2.415010	6.711027	9.415571	14.577410
3.110000	0.596460	2.385963	6.659148	9.385657	14.585082
3.120000	0.604329	2.357070	6.607019	9.355889	14.592775
3.130000	0.612216	2.328332	6.554642	9.326270	14.600486
3.140000	0.620116	2.299751	6.502022	9.296800	14.608209
3.150000	0.628024	2.271327	6.449165	9.267481	14.615940
3.160000	0.635937	2.243061	6.396075	9.238314	14.623674
3.170000	0.643851	2.214956	6.342756	9.209301	14.631408
3.180000	0.651759	2.187011	6.289215	9.180442	14.639136
3.190000	0.659659	2.159229	6.235455	9.151740	14.646854
3.200000	0.667545	2.131609	6.181482	9.123195	14.654559
3.210000	0.675414	2.104154	6.127301	9.094807	14.662244
3.220000	0.683261	2.076863	6.072917	9.066580	14.669907
3.230000	0.691082	2.049739	6.018336	9.038512	14.677542
3.240000	0.698872	2.022780	5.963563	9.010605	14.685146
3.250000	0.706628	1.995989	5.908603	8.982861	14.692714
3.260000	0.714344	1.969365	5.853462	8.955279	14.700241
3.270000	0.722017	1.942910	5.798146	8.927860	14.707724
3.280000	0.729643	1.916624	5.742660	8.900606	14.715159
3.290000	0.737217	1.890508	5.687010	8.873517	14.722540
3.300000	0.744735	1.864561	5.631201	8.846594	14.729864
3.310000	0.752194	1.838785	5.575241	8.819836	14.737127
3.320000	0.759588	1.813179	5.519133	8.793245	14.744324
3.330000	0.766914	1.787744	5.462885	8.766821	14.751452
3.340000	0.774168	1.762480	5.406503	8.740565	14.758506
3.350000	0.781347	1.737387	5.349992	8.714476	14.765483
3.360000	0.788445	1.712465	5.293359	8.688555	14.772377
3.370000	0.795459	1.687715	5.236610	8.662802	14.779187
3.380000	0.802385	1.663137	5.179752	8.637217	14.785906
3.390000	0.809220	1.638729	5.122790	8.611801	14.792533
3.400000	0.815959	1.614493	5.065731	8.586554	14.799062
3.410000	0.822599	1.590427	5.008581	8.561475	14.805489
3.420000	0.829136	1.566533	4.951348	8.536564	14.811812
3.430000	0.835566	1.542809	4.894037	8.511822	14.818026
3.440000	0.841885	1.519255	4.836655	8.487248	14.824128
3.450000	0.848091	1.495870	4.779209	8.462842	14.830114
3.460000	0.854178	1.472655	4.721706	8.438604	14.835980
3.470000	0.860145	1.449609	4.664151	8.414533	14.841722
3.480000	0.865987	1.426731	4.606553	8.390630	14.847338
3.490000	0.871700	1.404021	4.548917	8.366893	14.852823
3.500000	0.877282	1.381478	4.491251	8.343322	14.858174
3.510000	0.882729	1.359101	4.433562	8.319917	14.863388
3.520000	0.888037	1.336890	4.375856	8.296678	14.868462
3.530000	0.893204	1.314843	4.318141	8.273603	14.873391
3.540000	0.898225	1.292960	4.260423	8.250691	14.878173
3.550000	0.903099	1.271241	4.202710	8.227943	14.882805
3.560000	0.907821	1.249683	4.145009	8.205358	14.887282
3.570000	0.912389	1.228287	4.087326	8.182934	14.891603
3.580000	0.916799	1.207051	4.029669	8.160671	14.895764
3.590000	0.921049	1.185974	3.972045	8.138569	14.899761
3.600000	0.925135	1.165054	3.914462	8.116625	14.903593
3.610000	0.929055	1.144292	3.856926	8.094839	14.907255
3.620000	0.932805	1.123684	3.799444	8.073210	14.910746
3.630000	0.936384	1.103232	3.742025	8.051738	14.914062
3.640000	0.939787	1.082932	3.684675	8.030420	14.917200
3.650000	0.943013	1.062783	3.627401	8.009256	14.920157
3.660000	0.946059	1.042785	3.570212	7.988245	14.922932
3.670000	0.948921	1.022936	3.513113	7.967385	14.925521
3.680000	0.951598	1.003233	3.456113	7.946675	14.927921
3.690000	0.954087	0.983677	3.399219	7.926114	14.930131
3.700000	0.956386	0.964265	3.342437	7.905701	14.932147
3.710000	0.958491	0.944996	3.285777	7.885434	14.933967
3.720000	0.960402	0.925868	3.229244	7.865311	14.935589
3.730000	0.962115	0.906879	3.172847	7.845332	14.937011
3.740000	0.963628	0.888028	3.116592	7.825494	14.938229
3.750000	0.964939	0.869313	3.060488	7.805797	14.939243
3.760000	0.966045	0.850733	3.004540	7.786238	14.940049
3.770000	0.966946	0.832284	2.948758	7.766817	14.940645
3.780000	0.967638	0.813967	2.893147	7.747531	14.941031
3.790000	0.968120	0.795778	2.837716	7.728379	14.941203
3.800000	0.968389	0.777717	2.782472	7.709359	14.941159
3.810000	0.968445	0.759780	2.727422	7.690470	14.940898
3.820000	0.968284	0.741967	2.672573	7.671709	14.940418
3.830000	0.967906	0.724275	2.617934	7.653075	14.939718
3.840000	0.967309	0.706702	2.563510	7.634567	14.938794
3.850000	0.966490	0.689246	2.509309	7.616182	14.937646
3.860000	0.965449	0.671905	2.455339	7.597919	14.936273
3.870000	0.964184	0.654677	2.401607	7.579775	14.934671
3.880000	0.962693	0.637561	2.348119	7.561749	14.932841
3.890000	0.960975	0.620553	2.294884	7.543839	14.930781
3.900000	0.959029	0.603652	2.241908	7.526043	14.928489
3.910000	0.956852	0.586856	2.189198	7.508359	14.925963
3.920000	0.954445	0.570162	2.136762	7.490786	14.923203
3.930000	0.951806	0.553569	2.084606	7.473320	14.920208
3.940000	0.948933	0.537074	2.032738	7.455960	14.916976
3.950000	0.945826	0.520674	1.981164	7.438705	14.913506
3.960000	0.942483	0.504369	1.929892	7.421552	14.909798
3.970000	0.938904	0.488155	1.878928	7.404498	14.905849
3.980000	0.935088	0.472030	1.828279	7.387543	14.901660
3.990000	0.931033	0.455992	1.777952	7.370683	14.897229
4.000000	0.926739	0.440039	1.727954	7.353918	14.892556
4.010000	0.922206	0.424168	1.678291	7.337244	14.887640
4.020000	0.917432	0.408378	1.628971	7.320660	14.882480
4.030000	0.912417	0.392665	1.579999	7.304163	14.877075
4.040000	0.907161	0.377028	1.531383	7.287752	14.871426
4.050000	0.901662	0.361465	1.483129	7.271424	14.865531
4.060000	0.895921	0.345972	1.435242	7.255177	14.859390
4.070000	0.889936	0.330548	1.387731	7.239009	14.853003
4.080000	0.883709	0.315191	1.340600	7.222918	14.846369
4.090000	0.877237	0.299897	1.293857	7.206902	14.839488
4.100000	0.870522	0.284666	1.247508	7.190958	14.832360
4.110000	0.863562	0.269493	1.201558	7.175085	14.824984
4.120000	0.856359	0.254379	1.156013	7.159281	14.817361
4.130000	0.848911	0.239319	1.110881	7.143542	14.809490
4.140000	0.841218	0.224311	1.066166	7.127868	14.801372
4.150000	0.833282	0.209354	1.021875	7.112256	14.793007
4.160000	0.825101	0.194445	0.978013	7.096704	14.784394
4.170000	0.816676	0.179582	0.934586	7.081209	14.775533
4.180000	0.808007	0.164763	0.891600	7.065770	14.766426
4.190000	0.799094	0.149984	0.849060	7.050385	14.757072
4.200000	0.789938	0.135245	0.806972	7.035051	14.747472
4.210000	0.780539	0.120543	0.765341	7.019766	14.737626
4.220000	0.770898	0.105875	0.724172	7.004529	14.727534
4.230000	0.761014	0.091240	0.683472	6.989337	14.717197
4.240000	0.750889	0.076635	0.643244	6.974188	14.706616
4.250000	0.740523	0.062058	0.603494	6.959081	14.695790
4.260000	0.729916	0.047507	0.564227	6.944013	14.684722
4.270000	0.719070	0.032980	0.525448	6.928982	14.673411
4.280000	0.707984	0.018475	0.487161	6.913986	14.661858
4.290000	0.696660	0.003989	0.449372	6.899023	14.650064
4.300000	0.685099	-0.010479	0.412085	6.884092	14.638030
4.310000	0.673301	-0.024932	0.375304	6.869190	14.625757
4.320000	0.661268	-0.039371	0.339034	6.854315	14.613245
4.330000	0.648999	-0.053798	0.303279	6.839467	14.600497
4.340000	0.636497	-0.068216	0.268043	6.824642	14.587512
4.350000	0.623762	-0.082626	0.233332	6.809839	14.574292
4.360000	0.610796	-0.097031	0.199147	6.795056	14.560839
4.370000	0.597599	-0.111432	0.165494	6.780291	14.547152
4.380000	0.584173	-0.125831	0.132377	6.765543	14.533235
4.390000	0.570519	-0.140229	0.099798	6.750810	14.519087
4.400000	0.556638	-0.154630	0.067762	6.736090	14.504710
4.410000	0.542532	-0.169033	0.036272	6.721381	14.490106
4.420000	0.528202	-0.183442	0.005331	6.706682	14.475277
4.430000	0.513650	-0.197858	-0.025057	6.691992	14.460222
4.440000	0.498876	-0.212283	-0.054889	6.677308	14.444945
4.450000	0.483883	-0.226717	-0.084162	6.662629	14.429447
4.460000	0.468672	-0.241163	-0.112873	6.647953	14.413729
4.470000	0.453244	-0.255623	-0.141020	6.633280	14.397793
4.480000	0.437602	-0.270097	-0.168599	6.618607	14.381641
4.490000	0.421746	-0.284588	-0.195607	6.603934	14.365275
4.500000	0.405679	-0.299097	-0.222044	6.589258	14.348696
4.510000	0.389403	-0.313624	-0.247905	6.574579	14.331906
4.520000	0.372919	-0.328173	-0.273190	6.559895	14.314907
4.530000	0.356229	-0.342743	-0.297895	6.545205	14.297701
4.540000	0.339334	-0.357336	-0.322019	6.530507	14.280290
4.550000	0.322238	-0.371954	-0.345559	6.515801	14.262676
4.560000	0.304942	-0.386597	-0.368515	6.501086	14.244861
4.570000	0.287447	-0.401267	-0.390884	6.486359	14.226847
4.580000	0.269756	-0.415965	-0.412665	6.471621	14.208637
4.590000	0.251871	-0.430691	-0.433856	6.456870	14.190232
4.600000	0.233794	-0.445448	-0.454457	6.442105	14.171634
4.610000	0.215527	-0.460236	-0.474465	6.427325	14.152847
4.620000	0.197073	-0.475055	-0.493881	6.412529	14.133871
4.630000	0.178433	-0.489907	-0.512702	6.397716	14.114710
4.640000	0.159610	-0.504793	-0.530928	6.382887	14.095366
4.650000	0.140606	-0.519713	-0.548560	6.368039	14.075841
4.660000	0.121424	-0.534668	-0.565595	6.353172	14.056138
4.670000	0.102065	-0.549659	-0.582033	6.338285	14.036259
4.680000	0.082532	-0.564686	-0.597875	6.323378	14.016206
4.690000	0.062828	-0.579751	-0.613120	6.308451	13.995983
4.700000	0.042955	-0.594853	-0.627768	6.293502	13.975591
4.710000	0.022915	-0.609993	-0.641819	6.278531	13.955034
4.720000	0.002711	-0.625171	-0.655273	6.263538	13.934313
4.730000	-0.017654	-0.640388	-0.668131	6.248522	13.913432
4.740000	-0.038178	-0.655645	-0.680393	6.233483	13.892393
4.750000	-0.058859	-0.670941	-0.692059	6.218420	13.871198
4.760000	-0.079693	-0.686277	-0.703131	6.203334	13.849852
4.770000	-0.100679	-0.701653	-0.713609	6.188224	13.828356
4.780000	-0.121813	-0.717068	-0.723494	6.173091	13.806712
4.790000	-0.143093	-0.732524	-0.732788	6.157932	13.784925
4.800000	-0.164516	-0.748020	-0.741490	6.142750	13.762997
4.810000	-0.186080	-0.763557	-0.749604	6.127544	13.740930
4.820000	-0.207781	-0.779133	-0.757130	6.112313	13.718728
4.830000	-0.229617	-0.794749	-0.764069	6.097058	13.696394
4.840000	-0.251584	-0.810405	-0.770424	6.081780	13.673930
4.850000	-0.273681	-0.826100	-0.776196	6.066477	13.651339
4.860000	-0.295905	-0.841835	-0.781387	6.051151	13.628624
4.870000	-0.318251	-0.857608	-0.785999	6.035802	13.605789
4.880000	-0.340719	-0.873420	-0.790035	6.020430	13.582837
4.890000	-0.363303	-0.889270	-0.793497	6.005035	13.559770
4.900000	-0.386003	-0.905157	-0.796387	5.989619	13.536591
4.910000	-0.408814	-0.921081	-0.798707	5.974181	13.513304
4.920000	-0.431734	-0.937042	-0.800461	5.958721	13.489912
4.930000	-0.454760	-0.953038	-0.801652	5.943241	13.466418
4.940000	-0.477888	-0.969069	-0.802281	5.927742	13.442825
4.950000	-0.501117	-0.985134	-0.802352	5.912223	13.419136
4.960000	-0.524442	-1.001233	-0.801869	5.896686	13.395354
4.970000	-0.547860	-1.017363	-0.800834	5.881131	13.371483
4.980000	-0.571369	-1.033526	-0.799251	5.865560	13.347526
4.990000	-0.594966	-1.049719	-0.797124	5.849972	13.323486
5.000000	-0.618647	-1.065941	-0.794455	5.834370	13.299366
5.010000	-0.642409	-1.082192	-0.791250	5.818754	13.275169
5.020000	-0.666249	-1.098470	-0.787510	5.803125	13.250900
5.030000	-0.690164	-1.114774	-0.783241	5.787483	13.226561
5.040000	-0.714151	-1.131103	-0.778447	5.771832	13.202155
5.050000	-0.738207	-1.147456	-0.773132	5.756170	13.177686
5.060000	-0.762328	-1.163830	-0.767299	5.740500	13.153157
5.070000	-0.786512	-1.180226	-0.760954	5.724824	13.128571
5.080000	-0.810754	-1.196641	-0.754100	5.709141	13.103932
5.090000	-0.835053	-1.213073	-0.746743	5.693454	13.079243
5.100000	-0.859404	-1.229522	-0.738887	5.677764	13.054508
5.110000	-0.883804	-1.245986	-0.730536	5.662073	13.029730
5.120000	-0.908251	-1.262462	-0.721697	5.646382	13.004912
5.130000	-0.932740	-1.278950	-0.712373	5.630692	12.980057
5.140000	-0.957270	-1.295448	-0.702570	5.615005	12.955170
5.150000	-0.981836	-1.311954	-0.692292	5.599323	12.930253
5.160000	-1.006435	-1.328465	-0.681546	5.583647	12.905310
5.170000	-1.031063	-1.344981	-0.670337	5.567980	12.880344
5.180000	-1.055719	-1.361499	-0.658670	5.552322	12.855359
5.190000	-1.080398	-1.378018	-0.646550	5.536676	12.830358
5.200000	-1.105097	-1.394534	-0.633984	5.521044	12.805345
5.210000	-1.129812	-1.411047	-0.620976	5.505427	12.780323
5.220000	-1.154541	-1.427554	-0.607534	5.489828	12.755295
5.230000	-1.179281	-1.444054	-0.593662	5.474247	12.730265
5.240000	-1.204027	-1.460543	-0.579367	5.458688	12.705237
5.250000	-1.228777	-1.477019	-0.564654	5.443153	12.680213
5.260000	-1.253527	-1.493481	-0.549531	5.427643	12.655198
5.270000	-1.278274	-1.509927	-0.534002	5.412160	12.630194
5.280000	-1.303015	-1.526353	-0.518075	5.396707	12.605206
5.290000	-1.327746	-1.542757	-0.501756	5.381286	12.580236
5.300000	-1.352465	-1.559138	-0.485051	5.365899	12.555288
5.310000	-1.377167	-1.575492	-0.467967	5.350549	12.530366
5.320000	-1.401850	-1.591817	-0.450510	5.335237	12.505473
5.330000	-1.426509	-1.608111	-0.432687	5.319966	12.480612
5.340000	-1.451143	-1.624371	-0.414505	5.304738	12.455787
5.350000	-1.475747	-1.640594	-0.395971	5.289556	12.431002
5.360000	-1.500319	-1.656778	-0.377091	5.274422	12.406259
5.370000	-1.524854	-1.672921	-0.357872	5.259338	12.381562
5.380000	-1.549351	-1.689019	-0.338321	5.244308	12.356915
5.390000	-1.573804	-1.705070	-0.318446	5.229333	12.332321
5.400000	-1.598212	-1.721072	-0.298253	5.214416	12.307784
5.410000	-1.622571	-1.737020	-0.277750	5.199559	12.283306
5.420000	-1.646877	-1.752914	-0.256943	5.184765	12.258892
5.430000	-1.671127	-1.768749	-0.235841	5.170038	12.234544
5.440000	-1.695319	-1.784524	-0.214449	5.155378	12.210267
5.450000	-1.719449	-1.800234	-0.192776	5.140790	12.186063
5.460000	-1.743513	-1.815878	-0.170830	5.126275	12.161935
5.470000	-1.767508	-1.831452	-0.148616	5.111836	12.137888
5.480000	-1.791431	-1.846954	-0.126143	5.097476	12.113925
5.490000	-1.815280	-1.862381	-0.103419	5.083198	12.090049
5.500000	-1.839050	-1.877729	-0.080450	5.069004	12.066263
5.510000	-1.862738	-1.892996	-0.057245	5.054898	12.042570
5.520000	-1.886342	-1.908179	-0.033810	5.040881	12.018975
5.530000	-1.909857	-1.923274	-0.010154	5.026957	11.995480
5.540000	-1.933282	-1.938279	0.013715	5.013129	11.972088
5.550000	-1.956612	-1.953191	0.037791	4.999399	11.948803
5.560000	-1.979844	-1.968006	0.062065	4.985770	11.925629
5.570000	-2.002976	-1.982722	0.086530	4.972245	11.902568
5.580000	-2.026005	-1.997336	0.111178	4.958827	11.879624
5.590000	-2.048926	-2.011844	0.136001	4.945518	11.856799
5.600000	-2.071737	-2.026243	0.160992	4.932322	11.834098
5.610000	-2.094435	-2.040531	0.186142	4.919241	11.811523
5.620000	-2.117017	-2.054704	0.211444	4.906278	11.789078
5.630000	-2.139479	-2.068759	0.236891	4.893436	11.766766
5.640000	-2.161819	-2.082693	0.262474	4.880719	11.744589
5.650000	-2.184034	-2.096504	0.288185	4.868128	11.722552
5.660000	-2.206120	-2.110187	0.314017	4.855666	11.700657
5.670000	-2.228074	-2.123739	0.339963	4.843338	11.678908
5.680000	-2.249894	-2.137159	0.366013	4.831144	11.657307
5.690000	-2.271576	-2.150442	0.392161	4.819089	11.635858
5.700000	-2.293118	-2.163585	0.418398	4.807175	11.614563
5.710000	-2.314516	-2.176586	0.444718	4.795405	11.593427
5.720000	-2.335767	-2.189441	0.471111	4.783782	11.572451
5.730000	-2.356869	-2.202148	0.497571	4.772308	11.551639
5.740000	-2.377819	-2.214702	0.524089	4.760987	11.530994
5.750000	-2.398613	-2.227102	0.550659	4.749822	11.510519
5.760000	-2.419249	-2.239343	0.577272	4.738814	11.490216
5.770000	-2.439724	-2.251424	0.603920	4.727968	11.470090
5.780000	-2.460035	-2.263341	0.630596	4.717285	11.450142
5.790000	-2.480179	-2.275090	0.657293	4.706769	11.430376
5.800000	-2.500153	-2.286669	0.684002	4.696423	11.410795
5.810000	-2.519955	-2.298076	0.710717	4.686248	11.391401
5.820000	-2.539581	-2.309306	0.737429	4.676249	11.372198
5.830000	-2.559029	-2.320358	0.764131	4.666427	11.353187
5.840000	-2.578297	-2.331227	0.790816	4.656786	11.334373
5.850000	-2.597381	-2.341912	0.817477	4.647327	11.315757
5.860000	-2.616278	-2.352409	0.844106	4.638054	11.297343
5.870000	-2.634986	-2.362715	0.870695	4.628970	11.279134
5.880000	-2.653503	-2.372828	0.897237	4.620077	11.261131
5.890000	-2.671825	-2.382745	0.923726	4.611377	11.243339
5.900000	-2.689950	-2.392462	0.950154	4.602873	11.225758
5.910000	-2.707876	-2.401978	0.976514	4.594569	11.208393
5.920000	-2.725599	-2.411289	1.002798	4.586465	11.191246
5.930000	-2.743117	-2.420392	1.029000	4.578566	11.174319
5.940000	-2.760428	-2.429286	1.055113	4.570872	11.157615
5.950000	-2.777528	-2.437967	1.081130	4.563388	11.141136
5.960000	-2.794416	-2.446432	1.107044	4.556114	11.124886
5.970000	-2.811089	-2.454680	1.132848	4.549055	11.108866
5.980000	-2.827544	-2.462707	1.158536	4.542211	11.093080
5.990000	-2.843780	-2.470511	1.184101	4.535585	11.077529
6.000000	-2.859793	-2.478090	1.209536	4.529180	11.062216
6.010000	-2.875581	-2.485440	1.234835	4.522998	11.047144
6.020000	-2.891141	-2.492560	1.259991	4.517042	11.032314
6.030000	-2.906472	-2.499447	1.284999	4.511312	11.017730
6.040000	-2.921571	-2.506099	1.309851	4.505812	11.003393
6.050000	-2.936436	-2.512513	1.334542	4.500543	10.989306
6.060000	-2.951063	-2.518687	1.359065	4.495508	10.975472
6.070000	-2.965452	-2.524619	1.383414	4.490709	10.961892
6.080000	-2.979600	-2.530307	1.407584	4.486148	10.948568
6.090000	-2.993504	-2.535749	1.431569	4.481826	10.935503
6.100000	-3.007163	-2.540942	1.455362	4.477746	10.922700
6.110000	-3.020573	-2.545884	1.478958	4.473910	10.910160
6.120000	-3.033734	-2.550574	1.502352	4.470319	10.897885
6.130000	-3.046643	-2.555009	1.525537	4.466975	10.885877
6.140000	-3.059297	-2.559187	1.548509	4.463880	10.874139
6.150000	-3.071695	-2.563107	1.571262	4.461036	10.862673
6.160000	-3.083834	-2.566767	1.593791	4.458444	10.851480
6.170000	-3.095713	-2.570165	1.616090	4.456106	10.840563
6.180000	-3.107330	-2.573299	1.638155	4.454023	10.829923
6.190000	-3.118682	-2.576167	1.659981	4.452198	10.819563
6.200000	-3.129767	-2.578768	1.681562	4.450631	10.809484
6.210000	-3.140585	-2.581100	1.702895	4.449324	10.799688
6.220000	-3.151132	-2.583162	1.723974	4.448279	10.790177
6.230000	-3.161407	-2.584952	1.744794	4.447496	10.780953
6.240000	-3.171408	-2.586469	1.765352	4.446977	10.772018
6.250000	-3.181133	-2.587712	1.785644	4.446724	10.763373
6.260000	-3.190581	-2.588678	1.805663	4.446736	10.755019
6.270000	-3.199749	-2.589367	1.825408	4.447017	10.746960
6.280000	-3.208636	-2.589778	1.844873	4.447566	10.739196
6.290000	-3.217241	-2.589909	1.864055	4.448385	10.731728
6.300000	-3.225561	-2.589759	1.882950	4.449474	10.724559
6.310000	-3.233594	-2.589327	1.901554	4.450835	10.717691
6.320000	-3.241341	-2.588613	1.919864	4.452469	10.711123
6.330000	-3.248797	-2.587615	1.937877	4.454375	10.704859
6.340000	-3.255963	-2.586332	1.955588	4.456556	10.698899
6.350000	-3.262837	-2.584764	1.972994	4.459011	10.693246
6.360000	-3.269416	-2.582909	1.990094	4.461742	10.687899
6.370000	-3.275700	-2.580768	2.006883	4.464749	10.682861
6.380000	-3.281687	-2.578339	2.023358	4.468032	10.678133
6.390000	-3.287376	-2.575622	2.039518	4.471593	10.673716
6.400000	-3.292766	-2.572616	2.055359	4.475430	10.669611
6.410000	-3.297854	-2.569321	2.070879	4.479546	10.665820
6.420000	-3.302640	-2.565736	2.086075	4.483940	10.662344
6.430000	-3.307123	-2.561862	2.100945	4.488612	10.659184
6.440000	-3.311300	-2.557697	2.115488	4.493563	10.656341
6.450000	-3.315172	-2.553241	2.129700	4.498792	10.653816
6.460000	-3.318736	-2.548495	2.143581	4.504301	10.651610
6.470000	-3.321992	-2.543458	2.157127	4.510088	10.649724
6.480000	-3.324938	-2.538131	2.170339	4.516154	10.648159
6.490000	-3.327574	-2.532512	2.183213	4.522499	10.646916
6.500000	-3.329898	-2.526603	2.195750	4.529122	10.645996
6.510000	-3.331909	-2.520403	2.207947	4.536024	10.645400
6.520000	-3.333606	-2.513912	2.219803	4.543205	10.645129
6.530000	-3.334989	-2.507131	2.231317	4.550663	10.645182
6.540000	-3.336056	-2.500061	2.242489	4.558398	10.645562
6.550000	-3.336807	-2.492701	2.253317	4.566411	10.646268
6.560000	-3.337240	-2.485051	2.263801	4.574700	10.647302
6.570000	-3.337356	-2.477113	2.273940	4.583265	10.648664
6.580000	-3.337152	-2.468888	2.283735	4.592106	10.650354
6.590000	-3.336628	-2.460374	2.293184	4.601222	10.652373
6.600000	-3.335784	-2.451574	2.302288	4.610611	10.654722
6.610000	-3.334619	-2.442488	2.311046	4.620274	10.657402
6.620000	-3.333132	-2.433116	2.319459	4.630210	10.660412
6.630000	-3.331323	-2.423460	2.327526	4.640417	10.663752
6.640000	-3.329191	-2.413521	2.335249	4.650895	10.667424
6.650000	-3.326735	-2.403299	2.342627	4.661643	10.671428
6.660000	-3.323956	-2.392795	2.349662	4.672659	10.675763
6.670000	-3.320852	-2.382012	2.356354	4.683943	10.680431
6.680000	-3.317423	-2.370948	2.362703	4.695493	10.685431
6.690000	-3.313668	-2.359607	2.368711	4.707309	10.690763
6.700000	-3.309588	-2.347989	2.374379	4.719388	10.696428
6.710000	-3.305183	-2.336095	2.379708	4.731730	10.702426
6.720000	-3.300450	-2.323928	2.384700	4.744334	10.708756
6.730000	-3.295392	-2.311487	2.389355	4.757197	10.715419
6.740000	-3.290007	-2.298776	2.393676	4.770319	10.722415
6.750000	-3.284294	-2.285794	2.397664	4.783697	10.729743
6.760000	-3.278255	-2.272545	2.401320	4.797331	10.737404
6.770000	-3.271889	-2.259029	2.404648	4.811218	10.745396
6.780000	-3.265196	-2.245248	2.407648	4.825357	10.753721
6.790000	-3.258175	-2.231204	2.410324	4.839747	10.762378
6.800000	-3.250828	-2.216900	2.412677	4.854385	10.771366
6.810000	-3.243153	-2.202335	2.414709	4.869270	10.780685
6.820000	-3.235152	-2.187514	2.416424	4.884399	10.790336
6.830000	-3.226823	-2.172437	2.417824	4.899771	10.800316
6.840000	-3.218168	-2.157106	2.418912	4.915384	10.810626
6.850000	-3.209187	-2.141524	2.419690	4.931236	10.821266
6.860000	-3.199879	-2.125693	2.420161	4.947325	10.832235
6.870000	-3.190246	-2.109615	2.420329	4.963648	10.843532
6.880000	-3.180287	-2.093292	2.420196	4.980204	10.855157
6.890000	-3.170003	-2.076726	2.419767	4.996991	10.867108
6.900000	-3.159395	-2.059920	2.419044	5.014005	10.879386
6.910000	-3.148462	-2.042875	2.418031	5.031245	10.891990
6.920000	-3.137206	-2.025595	2.416731	5.048709	10.904918
6.930000	-3.125626	-2.008082	2.415149	5.066394	10.918170
6.940000	-3.113724	-1.990339	2.413287	5.084297	10.931745
6.950000	-3.101500	-1.972367	2.411151	5.102417	10.945642
6.960000	-3.088954	-1.954169	2.408744	5.120750	10.959860
6.970000	-3.076089	-1.935748	2.406069	5.139295	10.974399
6.980000	-3.062903	-1.917107	2.403132	5.158049	10.989256
6.990000	-3.049398	-1.898248	2.399937	5.177009	11.004431
7.000000	-3.035575	-1.879174	2.396487	5.196172	11.019924
7.010000	-3.021435	-1.859888	2.392788	5.215536	11.035731
7.020000	-3.006978	-1.840392	2.388844	5.235098	11.051854
7.030000	-2.992206	-1.820690	2.384660	5.254856	11.068289
7.040000	-2.977120	-1.800784	2.380240	5.274807	11.085036
7.050000	-2.961720	-1.780677	2.375590	5.294947	11.102094
7.060000	-2.946008	-1.760372	2.370714	5.315274	11.119460
7.070000	-2.929985	-1.739872	2.365617	5.335786	11.137135
7.080000	-2.913652	-1.719180	2.360305	5.356479	11.155115
7.090000	-2.897010	-1.698299	2.354782	5.377350	11.173400
7.100000	-2.880061	-1.677232	2.349054	5.398397	11.191989
7.110000	-2.862805	-1.655981	2.343127	5.419617	11.210878
7.120000	-2.845245	-1.634552	2.337005	5.441006	11.230068
7.130000	-2.827381	-1.612945	2.330694	5.462562	11.249555
7.140000	-2.809215	-1.591165	2.324200	5.484281	11.269339
7.150000	-2.790749	-1.569214	2.317528	5.506161	11.289417
7.160000	-2.771984	-1.547097	2.310684	5.528198	11.309789
7.170000	-2.752921	-1.524815	2.303674	5.550389	11.330451
7.180000	-2.733562	-1.502373	2.296503	5.572732	11.351402
7.190000	-2.713909	-1.479773	2.289178	5.595223	11.372639
7.200000	-2.693964	-1.457019	2.281704	5.617859	11.394162
7.210000	-2.673727	-1.434114	2.274088	5.640637	11.415968
7.220000	-2.653202	-1.411061	2.266336	5.663554	11.438055
7.230000	-2.632389	-1.387864	2.258453	5.686606	11.460421
7.240000	-2.611291	-1.364526	2.250446	5.709790	11.483063
7.250000	-2.589910	-1.341051	2.242321	5.733104	11.505979
7.260000	-2.568247	-1.317441	2.234084	5.756543	11.529168
7.270000	-2.546304	-1.293700	2.225743	5.780105	11.552626
7.280000	-2.524084	-1.269832	2.217302	5.803787	11.576352
7.290000	-2.501589	-1.245840	2.208769	5.827585	11.600343
7.300000	-2.478820	-1.221727	2.200150	5.851496	11.624597
7.310000	-2.455780	-1.197496	2.191452	5.875516	11.649111
7.320000	-2.432471	-1.173152	2.182680	5.899644	11.673882
7.330000	-2.408895	-1.148697	2.173843	5.923874	11.698909
7.340000	-2.385055	-1.124135	2.164945	5.948204	11.724188
7.350000	-2.360953	-1.099469	2.155995	5.972631	11.749718
7.360000	-2.336591	-1.074703	2.146998	5.997152	11.775495
7.370000	-2.311971	-1.049841	2.137962	6.021763	11.801516
7.380000	-2.287097	-1.024884	2.128893	6.046461	11.827779
7.390000	-2.261970	-0.999838	2.119798	6.071242	11.854281
7.400000	-2.236593	-0.974705	2.110683	6.096104	11.881020
7.410000	-2.210969	-0.949488	2.101556	6.121044	11.907992
7.420000	-2.185100	-0.924192	2.092424	6.146057	11.935194
7.430000	-2.158989	-0.898819	2.083292	6.171141	11.962625
7.440000	-2.132639	-0.873374	2.074169	6.196293	11.990279
7.450000	-2.106052	-0.847858	2.065061	6.221510	12.018155
7.460000	-2.079232	-0.822276	2.055974	6.246787	12.046250
7.470000	-2.052180	-0.796631	2.046916	6.272123	12.074560
7.480000	-2.024900	-0.770927	2.037894	6.297513	12.103083
7.490000	-1.997394	-0.745166	2.028914	6.322955	12.131814
7.500000	-1.969667	-0.719351	2.019984	6.348446	12.160752
7.510000	-1.941719	-0.693488	2.011110	6.373983	12.189892
7.520000	-1.913556	-0.667577	2.002299	6.399561	12.219232
7.530000	-1.885179	-0.641623	1.993559	6.425179	12.248768
7.540000	-1.856592	-0.615630	1.984896	6.450834	12.278496
7.550000	-1.827797	-0.589599	1.976316	6.476521	12.308414
7.560000	-1.798799	-0.563535	1.967828	6.502239	12.338518
7.570000	-1.769600	-0.537440	1.959437	6.527983	12.368804
7.580000	-1.740203	-0.511318	1.951151	6.553752	12.399270
7.590000	-1.710612	-0.485172	1.942976	6.579543	12.429911
7.600000	-1.680830	-0.459005	1.934920	6.605351	12.460724
7.610000	-1.650860	-0.432819	1.926988	6.631175	12.491705
7.620000	-1.620706	-0.406619	1.919189	6.657012	12.522851
7.630000	-1.590372	-0.380407	1.911528	6.682858	12.554158
7.640000	-1.559859	-0.354186	1.904012	6.708711	12.585623
7.650000	-1.529173	-0.327959	1.896649	6.734568	12.617241
7.660000	-1.498317	-0.301728	1.889444	6.760427	12.649010
7.670000	-1.467293	-0.275498	1.882405	6.786284	12.680924
7.680000	-1.436107	-0.249270	1.875537	6.812137	12.712981
7.690000	-1.404760	-0.223048	1.868849	6.837983	12.745177
7.700000	-1.373258	-0.196834	1.862345	6.863819	12.777508
7.710000	-1.341603	-0.170631	1.856033	6.889644	12.809969
7.720000	-1.309800	-0.144442	1.849919	6.915454	12.842557
7.730000	-1.277851	-0.118270	1.844010	6.941247	12.875269
7.740000	-1.245762	-0.092116	1.838311	6.967021	12.908099
7.750000	-1.213535	-0.065985	1.832830	6.992772	12.941045
7.760000	-1.181175	-0.039877	1.827573	7.018499	12.974101
7.770000	-1.148685	-0.013797	1.822545	7.044199	13.007265
7.780000	-1.116070	0.012254	1.817753	7.069870	13.040532
7.790000	-1.083332	0.038273	1.813203	7.095510	13.073897
7.800000	-1.050477	0.064258	1.808901	7.121115	13.107357
7.810000	-1.017507	0.090207	1.804854	7.146685	13.140908
7.820000	-0.984428	0.116117	1.801067	7.172217	13.174546
7.830000	-0.951243	0.141985	1.797546	7.197708	13.208265
7.840000	-0.917956	0.167810	1.794296	7.223157	13.242063
7.850000	-0.884571	0.193589	1.791325	7.248562	13.275935
7.860000	-0.851093	0.219321	1.788637	7.273920	13.309876
7.870000	-0.817525	0.245003	1.786237	7.299230	13.343883
7.880000	-0.783872	0.270633	1.784133	7.324490	13.377951
7.890000	-0.750137	0.296209	1.782329	7.349698	13.412076
7.900000	-0.716325	0.321729	1.780830	7.374852	13.446253
7.910000	-0.682440	0.347192	1.779642	7.399950	13.480479
7.920000	-0.648487	0.372594	1.778771	7.424990	13.514748
7.930000	-0.614469	0.397936	1.778221	7.449972	13.549057
7.940000	-0.580391	0.423214	1.777997	7.474893	13.583402
7.950000	-0.546257	0.448428	1.778106	7.499752	13.617777
7.960000	-0.512072	0.473575	1.778551	7.524547	13.652178
7.970000	-0.477839	0.498653	1.779338	7.549276	13.686602
7.980000	-0.443564	0.523663	1.780471	7.573939	13.721043
7.990000	-0.409250	0.548601	1.781955	7.598534	13.755497
8.000000	-0.374901	0.573466	1.783796	7.623059	13.789960
8.010000	-0.340523	0.598257	1.785996	7.647514	13.824427
8.020000	-0.306119	0.622973	1.788562	7.671897	13.858894
8.030000	-0.271695	0.647613	1.791497	7.696206	13.893357
8.040000	-0.237253	0.672175	1.794805	7.720442	13.927811
8.050000	-0.202800	0.696657	1.798492	7.744602	13.962251
8.060000	-0.168338	0.721060	1.802560	7.768686	13.996673
8.070000	-0.133874	0.745381	1.807015	7.792693	14.031072
8.080000	-0.099410	0.769620	1.811860	7.816621	14.065445
8.090000	-0.064952	0.793776	1.817098	7.840471	14.099786
8.100000	-0.030504	0.817848	1.822734	7.864240	14.134091
8.110000	0.003929	0.841835	1.828771	7.887929	14.168356
8.120000	0.038344	0.865736	1.835214	7.911537	14.202576
8.130000	0.072734	0.889551	1.842064	7.935063	14.236747
8.140000	0.107097	0.913279	1.849326	7.958506	14.270864
8.150000	0.141428	0.936919	1.857004	7.981866	14.304922
8.160000	0.175721	0.960470	1.865099	8.005143	14.338918
8.170000	0.209973	0.983933	1.873615	8.028336	14.372847
8.180000	0.244180	1.007307	1.882556	8.051444	14.406703
8.190000	0.278335	1.030591	1.891924	8.074467	14.440484
8.200000	0.312436	1.053785	1.901721	8.097405	14.474184
8.210000	0.346477	1.076888	1.911951	8.120259	14.507798
8.220000	0.380455	1.099901	1.922617	8.143026	14.541324
8.230000	0.414364	1.122823	1.933719	8.165708	14.574755
8.240000	0.448200	1.145655	1.945262	8.188305	14.608088
8.250000	0.481958	1.168395	1.957246	8.210816	14.641318
8.260000	0.515635	1.191045	1.969675	8.233241	14.674441
8.270000	0.549226	1.213603	1.982550	8.255580	14.707452
8.280000	0.582726	1.236071	1.995873	8.277835	14.740348
8.290000	0.616131	1.258448	2.009646	8.300003	14.773123
8.300000	0.649436	1.280734	2.023871	8.322087	14.805773
8.310000	0.682637	1.302931	2.038549	8.344087	14.838295
8.320000	0.715729	1.325037	2.053682	8.366002	14.870683
8.330000	0.748709	1.347054	2.069271	8.387832	14.902934
8.340000	0.781572	1.368982	2.085318	8.409580	14.935043
8.350000	0.814313	1.390820	2.101823	8.431244	14.967006
8.360000	0.846927	1.412571	2.118788	8.452826	14.998818
8.370000	0.879412	1.434234	2.136213	8.474325	15.030477
8.380000	0.911762	1.455810	2.154100	8.495743	15.061976
8.390000	0.943973	1.477300	2.172450	8.517081	15.093313
8.400000	0.976041	1.498704	2.191262	8.538339	15.124483
8.410000	1.007961	1.520023	2.210537	8.559517	15.155481
8.420000	1.039730	1.541258	2.230276	8.580617	15.186305
8.430000	1.071343	1.562410	2.250479	8.601640	15.216949
8.440000	1.102795	1.583479	2.271146	8.622585	15.247410
8.450000	1.134084	1.604468	2.292278	8.643456	15.277684
8.460000	1.165203	1.625375	2.313873	8.664251	15.307767
8.470000	1.196151	1.646204	2.335933	8.684973	15.337654
8.480000	1.226921	1.666954	2.358457	8.705622	15.367343
8.490000	1.257511	1.687627	2.381444	8.726199	15.396828
8.500000	1.287916	1.708224	2.404895	8.746706	15.426107
8.510000	1.318132	1.728747	2.428807	8.767144	15.455176
8.520000	1.348155	1.749196	2.453182	8.787514	15.484030
8.530000	1.377982	1.769573	2.478017	8.807818	15.512665
8.540000	1.407608	1.789879	2.503313	8.828056	15.541080
8.550000	1.437029	1.810115	2.529068	8.848230	15.569268
8.560000	1.466242	1.830284	2.555281	8.868341	15.597228
8.570000	1.495242	1.850386	2.581950	8.888392	15.624955
8.580000	1.524027	1.870423	2.609075	8.908382	15.652446
8.590000	1.552592	1.890397	2.636654	8.928314	15.679698
8.600000	1.580933	1.910309	2.664686	8.948190	15.706706
8.610000	1.609048	1.930160	2.693168	8.968010	15.733468
8.620000	1.636931	1.949953	2.722100	8.987776	15.759979
8.630000	1.664580	1.969689	2.751479	9.007491	15.786238
8.640000	1.691991	1.989369	2.781304	9.027155	15.812240
8.650000	1.719161	2.008996	2.811572	9.046771	15.837982
8.660000	1.746086	2.028571	2.842281	9.066339	15.863462
8.670000	1.772762	2.048097	2.873430	9.085863	15.888675
8.680000	1.799187	2.067574	2.905015	9.105343	15.913619
8.690000	1.825357	2.087005	2.937034	9.124781	15.938292
8.700000	1.851269	2.106391	2.969486	9.144179	15.962688
8.710000	1.876918	2.125735	3.002366	9.163539	15.986807
8.720000	1.902304	2.145039	3.035673	9.182863	16.010645
8.730000	1.927421	2.164304	3.069404	9.202153	16.034199
8.740000	1.952267	2.183532	3.103556	9.221410	16.057466
8.750000	1.976840	2.202726	3.138125	9.240637	16.080444
8.760000	2.001135	2.221888	3.173109	9.259835	16.103130
8.770000	2.025150	2.241019	3.208505	9.279007	16.125521
8.780000	2.048883	2.260121	3.244310	9.298154	16.147615
8.790000	2.072330	2.279198	3.280519	9.317278	16.169409
8.800000	2.095488	2.298250	3.317130	9.336382	16.190902
8.810000	2.118355	2.317280	3.354139	9.355467	16.212089
8.820000	2.140928	2.336290	3.391543	9.374535	16.232970
8.830000	2.163205	2.355283	3.429337	9.393589	16.253542
8.840000	2.185183	2.374260	3.467519	9.412631	16.273802
8.850000	2.206860	2.393223	3.506084	9.431662	16.293749
8.860000	2.228232	2.412175	3.545028	9.450684	16.313380
8.870000	2.249298	2.431119	3.584347	9.469701	16.332694
8.880000	2.270056	2.450055	3.624038	9.488713	16.351688
8.890000	2.290502	2.468987	3.664097	9.507723	16.370360
8.900000	2.310636	2.487917	3.704518	9.526733	16.388709
8.910000	2.330454	2.506846	3.745297	9.545746	16.406734
8.920000	2.349955	2.525778	3.786431	9.564762	16.424431
8.930000	2.369136	2.544714	3.827915	9.583785	16.441800
8.940000	2.387997	2.563656	3.869745	9.602817	16.458839
8.950000	2.406534	2.582607	3.911915	9.621859	16.475547
8.960000	2.424746	2.601570	3.954421	9.640913	16.491921
8.970000	2.442632	2.620546	3.997258	9.659983	16.507962
8.980000	2.460189	2.639537	4.040423	9.679069	16.523666
8.990000	2.477416	2.658547	4.083909	9.698175	16.539034
9.000000	2.494312	2.677576	4.127712	9.717301	16.554064
9.010000	2.510875	2.696628	4.171828	9.736451	16.568755
9.020000	2.527103	2.715704	4.216250	9.755626	16.583106
9.030000	2.542996	2.734807	4.260974	9.774829	16.597115
9.040000	2.558551	2.753939	4.305995	9.794061	16.610783
9.050000	2.573768	2.773102	4.351308	9.813324	16.624108
9.060000	2.588646	2.792298	4.396907	9.832621	16.637090
9.070000	2.603184	2.811530	4.442787	9.851954	16.649727
9.080000	2.617380	2.830800	4.488944	9.871324	16.662019
9.090000	2.631234	2.850110	4.535370	9.890734	16.673967
9.100000	2.644744	2.869461	4.582062	9.910185	16.685568
9.110000	2.657911	2.888857	4.629014	9.929680	16.696824
9.120000	2.670733	2.908299	4.676219	9.949220	16.707733
9.130000	2.683210	2.927789	4.723673	9.968808	16.718295
9.140000	2.695341	2.947330	4.771370	9.988445	16.728511
9.150000	2.707126	2.966923	4.819305	10.008134	16.738380
9.160000	2.718564	2.986570	4.867471	10.027876	16.747902
9.170000	2.729655	3.006274	4.915863	10.047672	16.757077
9.180000	2.740398	3.026037	4.964475	10.067526	16.765906
9.190000	2.750795	3.045859	5.013302	10.087438	16.774388
9.200000	2.760843	3.065745	5.062337	10.107411	16.782524
9.210000	2.770544	3.085694	5.111576	10.127446	16.790314
9.220000	2.779898	3.105710	5.161011	10.147544	16.797759
9.230000	2.788904	3.125793	5.210637	10.167709	16.804859
9.240000	2.797563	3.145947	5.260449	10.187940	16.811615
9.250000	2.805875	3.166172	5.310440	10.208241	16.818027
9.260000	2.813840	3.186470	5.360604	10.228612	16.824097
9.270000	2.821460	3.206844	5.410935	10.249056	16.829824
9.280000	2.828733	3.227294	5.461428	10.269573	16.835211
9.290000	2.835662	3.247823	5.512077	10.290165	16.840257
9.300000	2.842246	3.268433	5.562874	10.310834	16.844965
9.310000	2.848487	3.289123	5.613815	10.331581	16.849334
9.320000	2.854384	3.309898	5.664893	10.352407	16.853367
9.330000	2.859940	3.330757	5.716102	10.373315	16.857065
9.340000	2.865155	3.351702	5.767437	10.394305	16.860428
9.350000	2.870029	3.372735	5.818890	10.415378	16.863459
9.360000	2.874565	3.393857	5.870456	10.436536	16.866158
9.370000	2.878764	3.415070	5.922130	10.457781	16.868528
9.380000	2.882625	3.436375	5.973903	10.479112	16.870570
9.390000	2.886152	3.457773	6.025772	10.500533	16.872286
9.400000	2.889346	3.479266	6.077729	10.522042	16.873677
9.410000	2.892207	3.500854	6.129768	10.543642	16.874746
9.420000	2.894737	3.522539	6.181884	10.565334	16.875494
9.430000	2.896939	3.544321	6.234070	10.587119	16.875924
9.440000	2.898814	3.566203	6.286320	10.608996	16.876037
9.450000	2.900363	3.588185	6.338629	10.630969	16.875836
9.460000	2.901589	3.610268	6.390989	10.653036	16.875323
9.470000	2.902494	3.632453	6.443395	10.675200	16.874500
9.480000	2.903079	3.654741	6.495841	10.697461	16.873370
9.490000	2.903346	3.677133	6.548321	10.719819	16.871935
9.500000	2.903298	3.699629	6.600829	10.742275	16.870197
9.510000	2.902938	3.722230	6.653358	10.764830	16.868160
9.520000	2.902267	3.744937	6.705904	10.787485	16.865825
9.530000	2.901287	3.767751	6.758459	10.810239	16.863196
9.540000	2.900002	3.790672	6.811017	10.833094	16.860275
9.550000	2.898414	3.813700	6.863574	10.856049	16.857066
9.560000	2.896525	3.836837	6.916123	10.879106	16.853571
9.570000	2.894338	3.860083	6.968658	10.902264	16.849793
9.580000	2.891855	3.883437	7.021173	10.925525	16.845735
9.590000	2.889081	3.906901	7.073662	10.948887	16.841401
9.600000	2.886017	3.930474	7.126120	10.972351	16.836793
9.610000	2.882666	3.954158	7.178540	10.995917	16.831915
9.620000	2.879032	3.977951	7.230918	11.019586	16.826771
9.630000	2.875118	4.001855	7.283246	11.043357	16.821363
9.640000	2.870926	4.025869	7.335521	11.067231	16.815695
9.650000	2.866461	4.049993	7.387735	11.091206	16.809771
9.660000	2.861724	4.074227	7.439883	11.115284	16.803593
9.670000	2.856721	4.098571	7.491959	11.139464	16.797167
9.680000	2.851453	4.123026	7.543959	11.163746	16.790495
9.690000	2.845925	4.147590	7.595876	11.188128	16.783582
9.700000	2.840140	4.172263	7.647705	11.212612	16.776430
9.710000	2.834102	4.197046	7.699441	11.237197	16.769045
9.720000	2.827814	4.221937	7.751078	11.261881	16.761429
9.730000	2.821281	4.246937	7.802610	11.286665	16.753587
9.740000	2.814505	4.272045	7.854033	11.311549	16.745524
9.750000	2.807491	4.297260	7.905341	11.336530	16.737242
9.760000	2.800243	4.322581	7.956528	11.361610	16.728746
9.770000	2.792764	4.348009	8.007591	11.386786	16.720041
9.780000	2.785060	4.373542	8.058522	11.412059	16.711131
9.790000	2.777133	4.399179	8.109318	11.437427	16.702019
9.800000	2.768987	4.424921	8.159974	11.462890	16.692711
9.810000	2.760629	4.450765	8.210483	11.488447	16.683211
9.820000	2.752060	4.476711	8.260842	11.514096	16.673523
9.830000	2.743286	4.502758	8.311045	11.539836	16.663651
9.840000	2.734311	4.528905	8.361088	11.565668	16.653601
9.850000	2.725140	4.555150	8.410965	11.591588	16.643377
9.860000	2.715776	4.581493	8.460672	11.617597	16.632983
9.870000	2.706225	4.607933	8.510205	11.643692	16.622424
9.880000	2.696490	4.634468	8.559557	11.669873	16.611706
9.890000	2.686577	4.661096	8.608726	11.696139	16.600831
9.900000	2.676491	4.687817	8.657706	11.722487	16.589807
9.910000	2.666235	4.714629	8.706493	11.748916	16.578636
9.920000	2.655814	4.741530	8.755083	11.775426	16.567325
9.930000	2.645234	4.768519	8.803470	11.802013	16.555878
9.940000	2.634499	4.795594	8.851651	11.828678	16.544300
9.950000	2.623614	4.822755	8.899622	11.855417	16.532595
9.960000	2.612584	4.849998	8.947377	11.882230	16.520770
9.970000	2.601413	4.877322	8.994914	11.909114	16.508829
9.980000	2.590108	4.904726	9.042228	11.936068	16.496777
9.990000	2.578672	4.932207	9.089315	11.963090	16.484620
